%YAML:1.0
---
image_width: 1920
image_height: 1080
flags: 1
camera_matrix: !!opencv-matrix
   rows: 3
   cols: 3
   dt: d
   data: [1.0660120360637927e+03, 0.000000, 9.455875275108556e+02, 0.000000, 1.068870839991165e+03, 5.200699401235653e+02, 0.000000, 0.000000, 1.000000 ]
distortion_coefficients: !!opencv-matrix
   rows: 1
   cols: 5
   dt: d
   data: [ -0.007282, 0.010161, 0.002449, 0.005107, 0.000000]
avg_reprojection_error: 3.0675479577094439e-01
