%YAML:1.0
---
image_width: 1920
image_height: 1080
flags: 1
camera_matrix: !!opencv-matrix
   rows: 3
   cols: 3
   dt: d
   data: [381.72705078125, 0.0, 316.61846923828125, 0.0, 381.36016845703125, 244.42791748046875, 0.0, 0.0, 1.0]
distortion_coefficients: !!opencv-matrix
   rows: 1
   cols: 5
   dt: d
   data: [ 0.012708, -0.046620 ,
       -0.002755, -0.004037,
       0.000000]
avg_reprojection_error: 3.0675479577094439e-01
