%YAML:1.0
image_width: 1920
image_height: 1080
camera_name: narrow_stereo
camera_matrix:
  rows: 3
  cols: 3
  data: [810.139200, 0.000000, 1011.171713, 0.000000, 808.539272, 694.934710, 0.000000, 0.000000, 1.]
distortion_model: plumb_bob
distortion_coefficients:
  rows: 1
  cols: 5
  data: [-0.007282, 0.010161, 0.002449, 0.005107, 0.000000]
rectification_matrix:
  rows: 3
  cols: 3
  data: [1.000000, 0.000000, 0.000000, 0.000000, 1.000000, 0.000000, 0.000000, 0.000000, 1.000000]
projection_matrix:
  rows: 3
  cols: 4
  data: [828.329102, 0.000000, 1024.620773, 0.000000, 0.000000, 829.559265, 696.633561, 0.000000, 0.000000, 0.000000, 1.000000, 0.000000]

